5231172623525786218
5231481268465606354
5233239147040249585
5231342214604432418
5231072993169424780
5231204238780047955
5230979551860925229
5233249789969210920
5231262478536583911
5231429020188453617
5231028153710848538
5231172576281143161
5231035498104926061
5233705769467158198
5231475556159103401
5231158295514885709
5230998694530163975
5231391911671018585
5231380633086896989
5233370525794869916
5231343558929197025
5231400639044560015
5231089103591747671
5231408735057914738
5231032736440951069
5231392753484605727
5233299366776712217
5230945595849483055
5233344609962203456
5233398374362815844
5231141519372626277
5233264530296968821
5231473022128398383
5231189893589281502
5231013464922695858
5231335991196823803
5233442500856814245
5231464737136484497
5231217694912587408
5231446990331621105
5231434676660381541
5233488620215644434
5233471380216912028
5231093364199302872
5231303083157397106
5231330485048751965
5231121852717378338
5231208718430936563
5231014250901711135
5233245022555516291
5233237648096669761
5233279519732831181
